
        Fscore: 0.947121500219773
        Accuracy: 0.9472270972270972
        